0.9346240601503759, [38 22], 8.184443712234497, 3.06583942822885, poly, 3.0771098931723007, 1.7700384239636135, 4.451601995562475, 0.793715980817739, 0.4663925805138942, [ 0 2 3 5 6 7 10 12 13 20 22 23 25 26 27 ], 15
0.9490413533834586, [16 12], 7.262310743331909, 1.5699857614922197, linear, 1.6816791962301394, 2.2310234716845456, 4.218719478134432, 0.2696902582778016, 0.10726090576810376, [ 0 2 3 5 6 7 10 12 13 20 22 23 25 26 27 ], 15
0.9550187969924813, [20 11], 9.160973310470581, 1.9444906469356495, poly, 1.9246347410453133, 4.701050204937925, 0.2911546215866281, 0.31351111007870036, 0.37918901495236945, [ 0 2 3 5 6 7 10 12 13 20 22 23 25 26 27 ], 15
0.9534273182957393, [13 13], 7.819565773010254, 2.9099789269881025, linear, 4.362025531309881, 2.96650989918494, 3.3810497424302275, 0.8694346871897713, 0.8429478643596042, [ 0 2 3 5 6 7 10 12 13 20 22 23 25 26 27 ], 15
0.9541322055137844, [31 15], 6.916130781173706, 1.7450532423390372, poly, 2.3253866872827005, 1.158419176262655, 4.686406939296415, 0.7322351176360743, 0.5002813185609343, [ 0 2 3 5 6 7 10 12 13 20 22 23 25 26 27 ], 15
0.9456954887218043, [21 15], 14.611802816390991, 1.0319904394667776, linear, 4.368237492950999, 2.687230780452486, 1.8171197669490087, 0.08163819217547952, 0.1178730307243816, [ 0 2 3 5 6 7 10 12 13 20 22 23 25 26 27 ], 15
0.9529010025062656, [14 12], 7.461601257324219, 3.154120288272436, linear, 4.632501955553399, 1.2771044664840114, 2.0238215231121255, 0.7438735454203527, 0.5072586207743341, [ 0 2 3 5 6 7 10 12 13 20 22 23 25 26 27 ], 15
0.9536058897243107, [11 11], 8.932937622070312, 2.8344654500214146, poly, 1.8365430970434635, 2.1816503169488075, 0.8905432626357328, 0.2979507322667436, 0.7403688820124337, [ 0 2 3 5 6 7 10 12 13 20 22 23 25 26 27 ], 15
0.9469204260651627, [12 15], 7.81152868270874, 1.142837927799924, poly, 1.1714857327473753, 1.000903320584663, 2.8861049897418956, 0.8808920482096214, 0.04149542161964592, [ 0 2 3 5 6 7 10 12 13 20 22 23 25 26 27 ], 15
0.9558991228070175, [14 12], 9.297968864440918, 4.797174176036852, poly, 1.4490620927575852, 4.694233852688085, 2.395898622069521, 0.41755739029093775, 0.17663098382973363, [ 0 2 3 5 6 7 10 12 13 20 22 23 25 26 27 ], 15
0.9407800751879698, [33 25], 11.202265977859497, 2.895057257288787, poly, 2.103377985379922, 3.71380183301302, 4.852561709092363, 0.6094420237454116, 0.9009309788575081, [ 0 2 3 5 6 7 10 12 13 20 22 23 25 26 27 ], 15
0.9237312030075187, [47 29], 10.313240051269531, 4.801150885552283, poly, 4.756461732882937, 1.2132754207882612, 4.253750822187756, 0.8898514770970549, 0.2294950454180268, [ 0 2 3 5 6 7 10 12 13 20 22 23 25 26 27 ], 15
0.9564254385964912, [12 14], 10.706201314926147, 4.41202614784182, poly, 1.3982786670516003, 3.2408605524053735, 1.635769604809036, 0.029191093473593388, 0.33339001491197046, [ 0 2 3 5 6 7 10 12 13 20 22 23 25 26 27 ], 15
0.9488627819548872, [17 16], 7.63605260848999, 1.6786983611923412, linear, 2.024266866220189, 4.702418261654928, 2.6931766821565137, 0.7937675859515032, 0.20444870772935564, [ 0 2 3 5 6 7 10 12 13 20 22 23 25 26 27 ], 15
0.9479793233082706, [18 15], 6.994204044342041, 1.2733668268541618, linear, 4.518886605927153, 1.3734604984109446, 4.994832938714876, 0.08106977632796741, 0.9013958376577709, [ 0 2 3 5 6 7 10 12 13 20 22 23 25 26 27 ], 15
0.9485087719298245, [18 16], 10.10076117515564, 1.3556377102662998, linear, 2.415156106492624, 4.062726072216043, 3.706079094775387, 0.6661576587183196, 0.7281755723386255, [ 0 2 3 5 6 7 10 12 13 20 22 23 25 26 27 ], 15
0.952546992481203, [16 13], 7.827116966247559, 3.973510595476977, linear, 4.933331535773019, 3.386990906100831, 2.4251288923973506, 0.6624504171511421, 0.37428193536435067, [ 0 2 3 5 6 7 10 12 13 20 22 23 25 26 27 ], 15
0.9451660401002505, [15 12], 8.109686374664307, 1.0049697354900093, linear, 2.350538777867231, 1.6189908095710308, 2.0813700034759535, 0.4941697428369122, 0.6036245280034201, [ 0 2 3 5 6 7 10 12 13 20 22 23 25 26 27 ], 15
0.9476253132832079, [14 16], 7.9524455070495605, 1.21840213400801, linear, 2.662608262291629, 4.18535294274483, 0.6876589510385922, 0.01676321742435305, 0.8573737201505949, [ 0 2 3 5 6 7 10 12 13 20 22 23 25 26 27 ], 15
0.9451660401002505, [16 15], 6.5606770515441895, 1.0074588779223475, linear, 3.8145238366882377, 3.891713734506656, 2.814065421066236, 0.4246741400229077, 0.049849661896011366, [ 0 2 3 5 6 7 10 12 13 20 22 23 25 26 27 ], 15
0.9493890977443609, [14 12], 6.393622636795044, 1.7728181905007316, linear, 0.03887370570777815, 2.5462929633887392, 2.8341628147363744, 0.30549152539763164, 0.5679588003423178, [ 0 2 3 5 6 7 10 12 13 20 22 23 25 26 27 ], 15
0.9514974937343358, [14 16], 9.65871548652649, 1.363669888017803, poly, 1.0394923463771617, 1.6870108563400494, 3.0008101209108826, 0.5224391762829932, 0.4133056605078208, [ 0 2 3 5 6 7 10 12 13 20 22 23 25 26 27 ], 15
0.9529010025062656, [15 12], 10.431303262710571, 1.3550129107900397, poly, 1.214578352553105, 2.44686438387827, 1.8157455011075296, 0.16239248361606118, 0.179512920320676, [ 0 2 3 5 6 7 10 12 13 20 22 23 25 26 27 ], 15
0.946221804511278, [19 16], 8.74663519859314, 1.0463182392269679, linear, 3.151029429833314, 2.5133987760545535, 2.6113270384858116, 0.9881172657018584, 0.27974972676040344, [ 0 2 3 5 6 7 10 12 13 20 22 23 25 26 27 ], 15
0.9467481203007517, [15 16], 9.626283884048462, 1.075080883430183, linear, 3.28691605025893, 4.168385476423595, 4.026576123854287, 0.5040837031855142, 0.6160901580029989, [ 0 2 3 5 6 7 10 12 13 20 22 23 25 26 27 ], 15
0.9497399749373433, [16 16], 9.497900247573853, 1.8159473094090428, linear, 0.2941989688514344, 1.4733895272325772, 0.08649233925273414, 0.46409640111535677, 0.764484881108453, [ 0 2 3 5 6 7 10 12 13 20 22 23 25 26 27 ], 15
0.9548402255639098, [15 14], 11.368141174316406, 3.386156949195991, poly, 1.3121761049382248, 2.528716573223627, 3.718851333936797, 0.09251994078566111, 0.4937345162056581, [ 0 2 3 5 6 7 10 12 13 20 22 23 25 26 27 ], 15
0.9479793233082706, [17 17], 7.783965587615967, 1.2764796365897706, linear, 0.9068077467158153, 1.3913929848553324, 4.650779774501701, 0.7553871842962754, 0.9937098661365703, [ 0 2 3 5 6 7 10 12 13 20 22 23 25 26 27 ], 15
0.952546992481203, [12 13], 7.644942998886108, 4.193264624482461, linear, 4.226528992512835, 1.1655961690073475, 0.5135053967508134, 0.2238729363077745, 0.04662095005699718, [ 0 2 3 5 6 7 10 12 13 20 22 23 25 26 27 ], 15
0.9488627819548873, [15 15], 12.679090976715088, 1.4532804434203699, linear, 1.8244851025431252, 3.2678117084089773, 4.961125453622007, 0.4603907901115573, 0.9151012867004621, [ 0 2 3 5 6 7 10 12 13 20 22 23 25 26 27 ], 15
