0.9734617794486217, [15 12], 11.545880317687988, 1.8212824341860463, linear, 2.497023795660504, 2.0026182137633506, 0.16532509982236787, 0.6689461859435828, 0.21363160776220436, [ 1 7 8 13 17 18 19 21 22 23 24 25 26 28 29 ], 15
0.975043859649123, [19 19], 14.052667140960693, 1.0196882536871852, linear, 3.2647430076597495, 4.614177348338806, 3.7287051167783702, 0.5656738136047224, 0.282162466862922, [ 10 11 13 17 18 19 20 21 23 24 25 26 27 28 29 ], 15
0.9757550125313285, [13 11], 12.695749759674072, 3.8568975031862194, linear, 3.220891562000419, 4.166266195022233, 4.03371452954247, 0.861960458876657, 0.22838067708365972, [ 5 7 11 12 16 19 21 22 23 24 25 26 27 28 29 ], 15
0.9789191729323309, [17 14], 12.09421992301941, 4.463387852740885, linear, 2.3386202598839096, 3.2720042242228136, 1.8976764410882498, 0.6523526922828392, 0.6825649245161335, [ 5 11 13 16 17 18 20 21 22 23 24 25 26 28 29 ], 15
0.9713502506265665, [17 14], 12.849074602127075, 2.463012792507313, linear, 4.647420358092214, 4.323740639350115, 3.6944805361340722, 0.012038724913728038, 0.009761994887440895, [ 6 8 11 13 17 18 19 21 22 23 24 25 26 28 29 ], 15
0.9704793233082708, [15 13], 13.401649236679077, 4.195227245669111, poly, 1.9267902861595805, 2.717118470921646, 2.9096795683873244, 0.3067137552083769, 0.8204337568092342, [ 6 7 9 10 12 13 17 19 20 21 23 25 26 27 29 ], 15
0.9441165413533834, [31 23], 12.482101678848267, 2.882437979744403, poly, 2.3984446659002994, 2.6109043759184156, 4.7583145855315925, 0.06538690620095089, 0.309414285975656, [ 6 7 8 9 13 14 15 17 18 21 22 24 25 26 28 ], 15
0.9738126566416041, [19 13], 10.752064228057861, 3.2331305362683977, linear, 2.5525041361537246, 2.930425152878607, 4.299947778572952, 0.7119853335831579, 0.8643011020047723, [ 6 7 10 11 14 15 16 17 19 21 23 26 27 28 29 ], 15
0.9736434837092733, [15 14], 11.457811117172241, 2.339961711781918, linear, 0.5723345556749564, 3.8111229929332753, 2.8633088744105684, 0.44425814244090356, 0.5192171128862971, [ 7 10 11 12 14 15 17 18 19 21 23 25 26 27 28 ], 15
0.9748715538847118, [15 15], 10.101821660995483, 3.0719363152034798, linear, 2.3509353771095083, 3.5931973659681313, 1.489128508465904, 0.7649870280233347, 0.5811852074133336, [ 5 7 9 10 11 17 19 21 22 23 24 25 26 28 29 ], 15
0.9769799498746867, [18 15], 12.530604362487793, 1.1630911391277992, linear, 2.8072971564682163, 1.8933290788230313, 0.22213413493229917, 0.5096290674377717, 0.6303667639794016, [ 4 6 7 8 10 11 15 16 17 21 22 24 25 26 28 ], 15
0.9469235588972431, [32 23], 10.339226961135864, 2.7870467730888744, poly, 3.2357935279633883, 3.4968309690433355, 2.361224349912681, 0.07299726955450081, 0.8192499193099404, [ 1 7 12 13 16 17 19 20 21 22 23 25 26 28 29 ], 15
0.9750469924812029, [13 15], 11.120726346969604, 2.5212862915233556, poly, 1.5122335386887065, 3.108093902879484, 4.857955890560563, 0.44414755612346857, 0.6303749793568477, [ 4 6 9 10 11 13 14 15 18 19 21 22 23 27 29 ], 15
0.9720488721804511, [18 14], 11.200146198272705, 2.549191404940641, poly, 1.0401730691130415, 1.6562084841432463, 0.36966931890022936, 0.20198685104345893, 0.7812626620804464, [ 1 5 7 8 10 11 12 15 19 20 23 24 26 28 29 ], 15
0.9732894736842106, [17 17], 13.305055856704712, 2.242174200868489, linear, 1.8894450758185266, 1.6394421871519016, 0.7645453731082013, 0.8361847829225622, 0.3234465889459694, [ 10 11 14 17 18 19 20 21 22 23 25 26 27 28 29 ], 15
0.9769768170426066, [10 10], 11.70145869255066, 1.4699599076183159, linear, 3.055578385488402, 2.7943361911253914, 2.6755228778231115, 0.11831507230888266, 0.3263814119711316, [ 5 6 11 16 17 18 19 20 21 23 24 25 27 28 29 ], 15
0.9743483709273184, [14 15], 12.151641368865967, 4.324412437162055, linear, 4.019531909567104, 4.81607215900924, 1.3218590279930487, 0.7521191490647654, 0.0250560762066373, [ 3 4 5 7 12 16 17 20 21 22 23 24 26 27 28 ], 15
0.9776879699248121, [19 15], 12.470557928085327, 1.422762491897699, linear, 0.6954448377251117, 3.91891279674668, 4.572730151733871, 0.11497008458552316, 0.13475848340652152, [ 3 4 7 9 10 14 15 16 21 22 23 24 26 28 29 ], 15
0.9706578947368422, [18 13], 13.11089277267456, 4.349281992423675, linear, 4.977318349520918, 3.4010425242117073, 2.1743814702689592, 0.13231586642014004, 0.18012401873116235, [ 1 5 7 13 14 17 18 19 21 22 23 24 26 27 29 ], 15
0.9456954887218045, [32 22], 10.747533798217773, 2.092904639296547, poly, 3.836689225694516, 1.2735915093807977, 4.7698240722564815, 0.3073129146129586, 0.06404049796600453, [ 9 14 15 16 17 20 21 22 23 24 25 26 27 28 29 ], 15
0.9764567669172932, [19 14], 14.419411420822144, 2.5206429362849687, linear, 2.654679694234192, 4.113304271626219, 4.5407850555940215, 0.6227572341193052, 0.11950547757594776, [ 3 4 6 10 11 14 16 20 21 23 24 25 26 28 29 ], 15
0.9769830827067669, [15 15], 9.83107590675354, 1.1991198005618422, linear, 2.6841322021568677, 4.526663603346726, 3.571334757347091, 0.9406960634097926, 0.5535755950906645, [ 7 13 14 16 17 18 20 21 22 23 24 25 26 28 29 ], 15
0.9729385964912283, [ 9 12], 13.737670183181763, 3.976125517460261, linear, 4.453420187035114, 2.926693502427398, 0.9899316998713785, 0.4456645649372936, 0.38714935160480907, [ 6 11 12 13 14 18 19 21 22 23 24 25 27 28 29 ], 15
0.9804855889724311, [16 16], 13.194941282272339, 2.8958643469419743, linear, 3.492139264281315, 4.639043006529235, 3.8969136788279846, 0.29319662302352845, 0.08977890437589875, [ 1 5 6 8 10 15 16 17 18 19 23 24 26 28 29 ], 15
0.9761027568922307, [18 12], 11.143760681152344, 4.152740799969225, poly, 1.6909652929649421, 2.8807207608672107, 3.502483342428629, 0.5967010475546023, 0.3769098018221485, [ 5 6 7 11 13 16 17 19 20 21 22 24 26 27 28 ], 15
0.9739912280701754, [12 12], 9.265396356582642, 1.6666089046799155, linear, 2.9677196206792322, 3.9167651832350963, 4.544504318996539, 0.9125466685611315, 0.6757536945868103, [ 1 6 7 9 14 15 19 20 23 24 25 26 27 28 29 ], 15
0.9673151629072682, [19 14], 11.654941320419312, 3.0469225800931707, linear, 0.002771956676151266, 2.8391170400476478, 3.0479902992543177, 0.002851526286020256, 0.4792663453841597, [ 1 4 5 7 10 11 14 15 16 17 18 21 22 23 26 ], 15
0.9601190476190478, [12 11], 13.563790321350098, 3.3935844585340873, poly, 1.3739257802214153, 2.865450745565315, 4.8582905811494985, 0.6311386736869384, 0.6392398217304105, [ 6 13 14 16 18 19 20 22 23 24 25 26 27 28 29 ], 15
0.9722399749373435, [11 14], 10.438908576965332, 4.698121023821808, linear, 2.8490261071947787, 2.029785985002546, 1.6501903663137063, 0.14800436577285664, 0.8103576982011766, [ 4 5 6 7 9 10 11 12 19 20 21 23 24 26 28 ], 15
0.947985588972431, [29 24], 9.31428337097168, 2.7912535991024003, poly, 3.691787339042116, 3.5803943449648656, 4.101551119399499, 0.4019842811752411, 0.06778580733309358, [ 7 8 10 16 17 18 19 21 22 23 24 25 26 28 29 ], 15
