0.9394720496894411, [24 21], 4.3906145095825195, 3.434164111208248, poly, 3.3615318468686883, 3.8790758849496356, 0.18636291997634657, 0.8063994770056638, 0.15332161111844345, [ 0 1 2 3 4 5 6 7 8 ], 9
0.9670952380952381, [20 19], 3.7862114906311035, 1.9933195907236305, linear, 0.6615713390877471, 1.3540047874735361, 3.5398384058883057, 0.47544213100339694, 0.5487000198324872, [ 0 1 2 3 4 5 6 7 8 ], 9
0.9672380952380953, [20 22], 8.538176536560059, 3.051114226894476, poly, 1.9207219675989387, 3.003193915375965, 2.026296835363853, 0.6739585801915963, 0.9688936128767073, [ 0 1 2 3 4 5 6 7 8 ], 9
0.9516418219461699, [15 15], 4.903341770172119, 2.495299758296471, sigmoid, 3.747721757349903, 1.6779456466585807, 0.26979425885182895, 0.5969157303678087, 0.8304613263421001, [ 0 1 2 3 4 5 6 7 8 ], 9
0.9430600414078676, [16 16], 5.897477865219116, 2.500352509167272, sigmoid, 3.8009421055041943, 1.0513892413021808, 2.416337200014061, 0.977373784384103, 0.019304568352150553, [ 0 1 2 3 4 5 6 7 8 ], 9
0.9670952380952383, [20 22], 6.4534831047058105, 3.909263923907787, linear, 2.1063342197780432, 2.7973558818274715, 1.1779851553215646, 0.6534287868210545, 0.8279784342481057, [ 0 1 2 3 4 5 6 7 8 ], 9
0.966952380952381, [18 22], 6.577329874038696, 2.3702212815374732, linear, 4.01467095624734, 2.577529059577706, 1.1735326933787527, 0.5213924443330079, 0.9287183446740662, [ 0 1 2 3 4 5 6 7 8 ], 9
0.9390393374741199, [24 29], 4.391608476638794, 2.7715916171605155, poly, 3.1241587707885317, 3.3864759547798147, 0.3218407241738097, 0.34194344312781505, 0.6697121467431364, [ 0 1 2 3 4 5 6 7 8 ], 9
0.967095238095238, [23 22], 5.040773868560791, 1.3919274646841684, linear, 0.279438568446694, 2.9111196490321674, 3.6880032324058796, 0.14195811298289385, 0.31567727605656093, [ 0 1 2 3 4 5 6 7 8 ], 9
0.9670952380952383, [20 20], 4.3628809452056885, 3.275363230881486, poly, 1.4127810007825676, 1.350974874019016, 4.001306075843979, 0.9933487367202803, 0.5360030994290255, [ 0 1 2 3 4 5 6 7 8 ], 9
0.9670952380952383, [21 21], 5.357478141784668, 4.0637629853107695, linear, 1.6660546017087658, 2.9760685742101542, 4.405154880653894, 0.8363268999856117, 0.4690472484881794, [ 0 1 2 3 4 5 6 7 8 ], 9
0.9490579710144929, [16 16], 4.608103036880493, 4.499946779397818, sigmoid, 0.5742357887226097, 2.6927878773814955, 0.07491529932776331, 0.8572736120818647, 0.005730625187331473, [ 0 1 2 3 4 5 6 7 8 ], 9
0.967095238095238, [21 23], 7.948005437850952, 1.8220665451701352, linear, 2.025032774350019, 3.2509858645132663, 0.10489016656539007, 0.5923203261586841, 0.32209980230746205, [ 0 1 2 3 4 5 6 7 8 ], 9
0.9420496894409941, [18 18], 3.0924289226531982, 3.4942873168846735, sigmoid, 2.923919428384512, 2.8218961257678608, 0.9067851348757583, 0.21220889330873383, 0.9841785142073984, [ 0 1 2 3 4 5 6 7 8 ], 9
0.9374844720496897, [13 13], 4.776085138320923, 2.752702087448655, sigmoid, 3.861431098315723, 1.1803833278166274, 3.491925401558225, 0.643823188941614, 0.7904949764529454, [ 0 1 2 3 4 5 6 7 8 ], 9
0.9407598343685301, [22 29], 3.977527141571045, 1.9344932639707673, poly, 3.0063997878886766, 2.691779572568636, 2.051603839619916, 0.09550770148036636, 0.2036047977573341, [ 0 1 2 3 4 5 6 7 8 ], 9
0.966952380952381, [19 20], 8.293407678604126, 2.443650562547263, linear, 0.4693821208741493, 4.9754740106546915, 2.007358314490129, 0.01804838433197664, 0.09223504525771975, [ 0 1 2 3 4 5 6 7 8 ], 9
0.9398985507246377, [24 25], 3.199033260345459, 1.3768201922004732, poly, 3.242798897366716, 3.789285401193429, 0.15938779915388013, 0.8407722367296511, 0.09103801154561358, [ 0 1 2 3 4 5 6 7 8 ], 9
0.9670952380952383, [22 22], 5.385857582092285, 4.567172940936297, linear, 1.2083000843597238, 3.490109025674798, 2.066549348718077, 0.1893784006362162, 0.08601853058378839, [ 0 1 2 3 4 5 6 7 8 ], 9
0.9670952380952383, [21 24], 6.241845369338989, 3.970763206973158, linear, 0.3157620676957098, 3.8951418585941098, 0.07214306533979409, 0.9657044922119858, 0.06220741727818191, [ 0 1 2 3 4 5 6 7 8 ], 9
0.9670952380952383, [18 19], 9.423470735549927, 4.35463307381165, linear, 3.9387905565493435, 4.251304685300469, 0.4246440934177147, 0.11249477232597538, 0.9089714845155543, [ 0 1 2 3 4 5 6 7 8 ], 9
0.966952380952381, [17 23], 5.7430455684661865, 2.3448711548432244, linear, 3.612248157150979, 4.754198129765165, 3.6273546305869955, 0.5483482055610132, 0.9608765871601305, [ 0 1 2 3 4 5 6 7 8 ], 9
0.9670952380952383, [21 21], 5.768296718597412, 4.063951238940689, linear, 2.9773095685991846, 4.089214833480769, 0.8314823294450941, 0.21084375749945494, 0.5379598120619733, [ 0 1 2 3 4 5 6 7 8 ], 9
0.9301842650103519, [19 19], 4.7555153369903564, 1.4061333513664123, sigmoid, 2.8425259057419385, 3.9637296760510257, 4.411114654649399, 0.024817376933913393, 0.488387168573302, [ 0 1 2 3 4 5 6 7 8 ], 9
0.967095238095238, [20 22], 5.062432289123535, 1.4561193233142204, linear, 3.3838138960385553, 1.7923072044580937, 4.4113668284889025, 0.1430760095817254, 0.8499775078090688, [ 0 1 2 3 4 5 6 7 8 ], 9
0.9670952380952383, [19 23], 5.424415588378906, 2.101132910367782, poly, 1.8833784180567061, 3.442680328544002, 1.1461134716839725, 0.3658977336294896, 0.6075011815787628, [ 0 1 2 3 4 5 6 7 8 ], 9
0.9670952380952381, [22 21], 5.442174196243286, 2.4462383558128, linear, 3.1287027112243138, 3.5629897599952876, 1.6432947364727546, 0.3507747712993531, 0.5919044903889832, [ 0 1 2 3 4 5 6 7 8 ], 9
0.967095238095238, [22 20], 3.8579514026641846, 1.0254354199031939, linear, 2.2089053754624737, 2.0528204100505967, 4.5943331382201755, 0.2863387003846428, 0.24951511235695, [ 0 1 2 3 4 5 6 7 8 ], 9
0.9672380952380953, [22 20], 8.016510486602783, 3.5544595785476467, poly, 1.1341113417911837, 3.782678342104479, 3.0096958169450887, 0.2924754687612962, 0.21382415804381155, [ 0 1 2 3 4 5 6 7 8 ], 9
0.9670952380952383, [19 20], 4.467223882675171, 4.196815119705132, linear, 4.15984048225773, 4.201825022023644, 4.16931675500146, 0.5688549619723156, 0.42143809127012843, [ 0 1 2 3 4 5 6 7 8 ], 9
